11111111111111011010000100101111111111111110101100011010000100101111
11111111111111010110111001100000111111111110100000011010110111001100000
11111111010100100000111111001011111111111110010110010100100000111111001011
1111111111111111111000101111011011111111111011110010001011110110
11111111111111011111011110100101111111111110101101011111011110100101
111111111111111111000111111111011111111111101101001100011111111101
1110100101001110111000001010011111111111111000000001001010011101110000010100111
11111111111111110000100100011111111111111110101101110000100100011111
11111111111111010100111000110000111111111110100001111010100111000110000
11111111100011011000000001111011111111111110010101100011011000000001111011
